[gd_scene load_steps=5 format=3 uid="uid://bv18qqh2j852a"]

[ext_resource type="Script" path="res://src/scenes/GameCube.cs" id="1_5g3xm"]
[ext_resource type="Script" path="res://src/scenes/TargeterCamera.cs" id="2_k6o5g"]

[sub_resource type="StandardMaterial3D" id="StandardMaterial3D_g0n2q"]
albedo_color = Color(0.242364, 0.132159, 0.018401, 1)

[sub_resource type="CylinderMesh" id="CylinderMesh_4rnl8"]
material = SubResource("StandardMaterial3D_g0n2q")

[node name="Main" type="Node3D"]

[node name="GameCube" type="Node3D" parent="."]
script = ExtResource("1_5g3xm")

[node name="Player" type="Node3D" parent="."]
transform = Transform3D(-1, 0, -8.74228e-08, 0, 1, 0, 8.74228e-08, 0, -1, 0, 2, -8)

[node name="Camera" type="Camera3D" parent="Player" node_paths=PackedStringArray("Target")]
transform = Transform3D(1, 2.26267e-08, 2.97887e-09, -2.26267e-08, 0.965926, 0.258819, 2.97885e-09, -0.258819, 0.965926, -1.74846e-07, 1, 2)
script = ExtResource("2_k6o5g")
Target = NodePath("../../GameCube")
OrbitalRadius = 5.0
MouseSensitivity = 0.003

[node name="Floor" type="Node3D" parent="."]
transform = Transform3D(15, 0, 0, 0, 1, 0, 0, 0, 15, 0, -4, 0)

[node name="MeshInstance3D" type="MeshInstance3D" parent="Floor"]
mesh = SubResource("CylinderMesh_4rnl8")

[node name="LightGroup" type="Node" parent="."]

[node name="DirectionalLight3D" type="DirectionalLight3D" parent="LightGroup"]
transform = Transform3D(0.707107, -1.28028e-08, 0.707107, -0.707107, -3.09086e-08, 0.707107, 1.28028e-08, -1, -3.09086e-08, 9, 7, 0)

[node name="DirectionalLight3D2" type="DirectionalLight3D" parent="LightGroup"]
transform = Transform3D(0.707107, 3.09086e-08, -0.707107, 0.707107, -3.09086e-08, 0.707107, 0, -1, -4.37114e-08, -9, 7, 0)

[node name="DirectionalLight3D3" type="DirectionalLight3D" parent="LightGroup"]
transform = Transform3D(-4.37114e-08, -1, 0, 0.707107, -3.09086e-08, 0.707107, -0.707107, 3.09086e-08, 0.707107, 0, 7, 9)

[node name="DirectionalLight3D4" type="DirectionalLight3D" parent="LightGroup"]
transform = Transform3D(1.05529e-07, 1, -6.18172e-08, 0.707107, -3.09086e-08, 0.707107, 0.707107, -1.18331e-07, -0.707107, 0, 7, -9)

[node name="DirectionalLight3D5" type="DirectionalLight3D" parent="LightGroup"]
transform = Transform3D(-1, -8.74228e-08, 3.82137e-15, 0, -4.37114e-08, -1, 8.74228e-08, -1, 4.37114e-08, 0, -2.28287, 0)

[node name="CanvasLayer" type="CanvasLayer" parent="."]

[node name="Label" type="Label" parent="CanvasLayer"]
offset_right = 134.0
offset_bottom = 45.0
text = "Score: "
